37,5
37,4
37,3
37,2
37,1
37,0
36,5
36,4
36,3
36,2
36,1
36,0
35,6
35,5
35,4
35,3
35,2
35,1
35,0
34,4
34,3
34,2
34,1
34,0
33,3
33,2
33,1
33,0
32,3
32,2
32,1
32,0
31,5
31,4
31,3
31,2
31,1
31,0
30,4
30,3
30,2
30,1
30,0
29,3
29,2
29,1
29,0
28,4
28,3
28,2
28,1
28,0
27,8
27,7
27,6
27,5
27,4
27,3
27,2
27,1
27,0
26,5
26,4
26,3
26,2
26,1
26,0
25,3
25,2
25,1
25,0
24,4
24,3
24,2
24,1
24,0
23,4
23,3
23,2
23,1
23,0
22,4
22,3
22,2
22,1
22,0
21,6
21,5
21,4
21,3
21,2
21,1
21,0
20,5
20,4
20,3
20,2
20,1
20,0
19,6
19,5
19,4
19,3
19,2
19,1
19,0
18,4
18,3
18,2
18,1
18,0
17,7
17,6
17,5
17,4
17,3
17,2
17,1
17,0
16,10
16,9
16,8
16,7
16,6
16,5
16,4
16,3
16,2
16,1
16,0
15,6
15,5
15,4
15,3
15,2
15,1
15,0
14,4
14,3
14,2
14,1
14,0
13,3
13,2
13,1
13,0
12,4
12,3
12,2
12,1
12,0
11,4
11,3
11,2
11,1
11,0
10,17
10,16
10,15
10,14
10,13
10,12
10,11
10,10
10,9
10,8
10,7
10,6
10,5
10,4
10,3
10,2
10,1
10,0
9,4
9,3
9,2
9,1
9,0
8,9
8,8
8,7
8,6
8,5
8,4
8,3
8,2
8,1
8,0
7,4
7,3
7,2
7,1
7,0
6,4
6,3
6,2
6,1
6,0
5,3
5,2
5,1
5,0
2,20
2,19
2,18
2,17
2,16
2,15
2,14
2,13
2,12
2,11
2,10
2,9
2,8
2,7
2,6
2,5
2,4
2,2
2,3
2,1
2,0
1,3
4,3
0,421
0,420
0,419
0,394
0,243
0,9
0,1
38,0
38,1
38,3
38,4
39,0
39,1
39,3
39,5
40,0
40,2
40,3
40,5
41,0
41,1
41,3
41,4
42,0
42,1
42,3
43,0
43,1
43,3
43,4
44,1
44,3
44,4
45,0
45,1
45,3
45,4
45,6
46,1
46,2
47,0
47,1
47,3
47,5
47,6
48,1
48,2
48,4
48,5
48,7
48,9
49,0
49,2
49,3
49,5
50,0
50,1
50,3
50,4
50,6
50,8
50,9
51,1
51,2
51,4
51,5
52,0
52,2
52,3
52,5
52,6
53,1
53,3
53,4
54,0
54,1
54,3
54,4
55,1
55,3
55,4
56,1
56,2
56,4
57,1
57,2
57,4
58,0
58,2
58,3
59,1
59,3
59,4
59,6
59,7
59,9
60,1
60,2
60,4
61,0
61,2
61,4
61,5
62,1
62,2
62,4
63,0
63,2
63,4
64,0
64,2
64,3
64,5
65,1
65,2
65,4
66,0
66,2
66,3
67,0
67,2
67,3
67,5
68,0
68,2
68,4
68,5
68,7
69,0
69,2
69,3
69,5
69,7
70,0
70,2
70,3
71,0
71,2
71,3
71,5
72,0
72,2
72,3
72,5
73,0
73,1
73,3
73,4
73,6
74,1
74,2
74,4
75,0
75,2
75,4
76,0
76,2
76,3
77,0
77,1
77,3
77,5
78,0
78,2
78,3
78,5
79,1
79,2
80,0
80,1
80,3
80,4
81,1
81,3
82,0
82,2
82,3
83,0
83,2
83,3
84,0
84,1
84,3
84,4
85,1
85,3
85,4
85,6
86,0
86,2
86,4
87,0
87,2
87,3
87,5
87,7
88,0
88,2
88,3
89,0
89,1
89,3
89,5
90,0
90,2
90,3
91,0
91,2
91,3
91,5
91,6
92,1
92,2
92,4
93,1
93,2
93,4
93,5
94,1
94,3
94,4
95,1
95,2
96,0
96,1
96,3
97,1
97,2
97,4
97,5
98,0
98,2
98,3
98,5
98,6
99,1
99,2
99,4
100,1
100,2
100,4
100,5
100,7
101,1
101,2
101,4
102,0
102,2
103,0
103,1
103,3
103,4
104,1
104,2
104,4
105,1
105,2
105,4
106,0
106,2
106,4
106,3
106,1
105,3
105,0
104,3
104,0
103,2
102,3
102,1
101,3
101,0
100,6
100,3
100,0
99,3
99,0
98,4
98,1
97,6
97,3
97,0
96,2
95,3
95,0
94,2
94,0
93,3
93,0
92,3
92,0
91,4
91,1
90,4
90,1
89,4
89,2
88,4
88,1
87,6
87,4
87,1
86,3
86,1
85,5
85,2
85,0
84,2
83,4
83,1
82,4
82,1
81,2
81,0
80,2
79,3
79,0
78,4
78,1
77,4
77,2
76,4
76,1
75,3
75,1
74,3
74,0
73,5
73,2
72,6
72,4
72,1
71,4
71,1
70,4
70,1
69,6
69,4
69,1
68,6
68,3
68,1
67,4
67,1
66,4
66,1
65,3
65,0
64,4
64,1
63,3
63,1
62,3
62,0
61,3
61,1
60,3
60,0
59,8
59,5
59,2
59,0
58,1
57,3
57,0
56,3
56,0
55,2
55,0
54,2
53,5
53,2
53,0
52,4
52,1
51,6
51,3
51,0
50,7
50,5
50,2
49,6
49,4
49,1
48,8
48,6
48,3
48,0
47,4
47,2
46,3
46,0
45,5
45,2
44,5
44,2
44,0
43,2
42,4
42,2
41,5
41,2
40,6
40,4
40,1
39,4
39,2
38,5
38,2
0,395
0,392
0,300
0,299
0,298
0,297
0,296
0,295
0,294
0,293
0,292
0,291
0,290
0,289
0,288
0,287
0,286
0,285
0,284
0,283
0,282
0,281
0,280
0,279
0,278
0,277
0,276
0,275
0,274
0,273
0,272
0,271
0,270
0,269
0,268
0,267
0,266
0,265
0,264
0,263
0,262
0,261
0,260
0,259
0,258
0,257
0,256
0,255
0,254
0,253
0,252
0,251
0,250
0,249
0,248
0,247
0,246
0,245
0,244
0,242
0,241
0,240
0,239
0,238
0,237
0,236
0,235
0,234
0,233
0,232
0,231
0,230
0,229
0,228
0,227
0,226
0,225
0,224
0,223
0,222
0,221
0,220
0,219
0,218
0,217
0,216
0,215
0,214
0,213
0,212
0,211
0,210
0,209
0,208
0,207
0,206
0,205
0,204
0,203
0,202
0,201
0,200
0,199
0,198
0,197
0,196
0,195
0,194
0,193
0,192
0,63
0,62
0,61
0,60
0,59
0,58
0,57
0,56
0,55
0,54
0,53
0,52
0,51
0,50
0,49
0,48
0,47
0,46
0,45
0,6
0,0
0,5
0,304
0,303
0,306
0,305
0,302
0,393
0,12
0,418
0,10
0,8
0,391
0,11
0,4
0,2
0,3
0,7
